Edmonds-Karp
0 23 917
0 2 950
0 17 935
0 80 973
0 58 981
0 42 939
0 96 994
0 49 900
0 33 919
0 62 964
0 28 916
0 68 989
0 29 905
0 70 954
0 72 991
0 64 996
0 50 953
0 82 923
0 54 959
0 88 957
0 69 961
0 32 935
0 92 922
0 98 983
0 39 943
0 85 910
0 45 964
0 31 933
0 10 917
0 76 942
0 71 965
0 56 976
0 65 926
0 11 964
0 55 908
0 81 995
0 66 979
0 5 960
0 38 903
0 25 951
0 90 940
0 7 933
0 97 966
0 13 922
0 77 923
0 89 944
0 57 991
0 52 903
0 21 934
0 1 952
0 73 980
0 24 944
0 78 933
0 19 968
0 20 942
0 16 953
0 44 935
0 37 905
0 8 954
0 27 985
0 83 984
0 35 934
0 47 945
0 14 992
0 46 980
0 4 974
0 15 974
0 79 977
0 84 957
0 94 952
0 48 958
0 34 942
0 63 944
0 9 903
0 61 931
0 95 920
0 30 958
0 87 943
0 26 931
0 99 926
0 6 986
0 53 945
0 75 951
0 91 916
0 93 986
0 22 953
0 74 972
0 67 960
0 86 973
0 12 992
0 3 943
0 36 941
0 40 955
0 41 920
0 18 964
0 51 988
0 43 974
0 60 920
0 59 954
23 99 917
2 99 907
2 5 0
2 40 17
2 24 0
2 61 26
17 40 0
17 5 0
17 99 955
80 99 964
80 38 12
80 18 26
58 3 17
58 99 984
58 51 0
42 99 939
96 84 8
96 27 0
96 19 0
96 99 986
49 67 38
49 14 0
49 99 957
33 63 0
33 84 0
33 99 919
62 99 910
62 49 61
28 51 0
28 99 955
28 14 0
28 19 0
68 48 0
68 27 9
68 99 980
68 77 0
29 99 905
70 99 952
70 50 2
70 92 45
70 75 20
70 72 20
72 84 4
72 99 987
72 24 0
72 55 0
72 44 24
64 99 976
64 56 20
64 73 0
50 99 1000
50 38 0
82 99 923
82 71 0
54 75 2
54 20 0
54 68 0
54 92 0
54 52 51
54 96 0
54 99 964
54 71 14
88 99 986
88 29 0
69 99 996
32 99 932
32 62 3
32 77 0
32 78 0
92 85 32
92 99 912
92 60 51
98 7 32
98 99 952
98 62 4
98 40 14
39 4 0
39 85 30
39 99 913
85 15 0
85 99 972
85 37 0
45 23 0
45 99 964
45 78 0
31 99 973
31 35 56
31 36 0
31 91 0
31 96 0
31 23 0
10 99 909
10 22 8
10 26 0
76 99 942
71 91 0
71 99 999
71 66 0
71 93 0
56 69 0
56 92 28
56 99 995
56 86 0
65 99 966
65 96 0
11 4 60
11 99 904
55 99 908
81 99 961
81 57 32
81 49 34
66 99 969
66 20 10
66 9 45
66 73 0
66 57 24
5 99 960
38 99 901
38 66 14
25 96 0
25 11 0
25 2 0
25 99 951
25 57 0
25 6 12
25 10 0
90 19 0
90 50 13
90 99 927
90 36 0
7 99 965
97 99 966
97 52 0
13 42 0
13 99 903
13 98 19
77 99 923
77 23 0
89 6 0
89 99 944
57 65 29
57 99 962
57 70 85
57 11 0
52 99 954
52 7 0
21 84 0
21 98 0
21 55 0
21 99 934
1 69 0
1 36 0
1 65 0
1 99 952
73 48 0
73 10 0
73 94 0
73 28 12
73 99 968
24 65 32
24 99 905
24 55 0
24 53 27
78 69 7
78 94 0
78 99 926
19 40 23
19 8 23
19 99 922
20 99 996
20 17 20
20 23 0
20 13 0
16 55 0
16 84 0
16 99 953
44 52 0
44 99 1000
44 9 0
37 91 0
37 99 942
8 98 0
8 99 977
8 78 0
27 42 0
27 99 994
83 30 70
83 40 0
83 32 0
83 81 12
83 99 928
35 98 0
35 65 0
35 90 0
35 99 990
47 99 945
14 99 974
14 20 18
14 41 4
46 34 18
46 24 0
46 58 20
46 53 0
46 99 942
4 57 0
4 86 0
4 54 72
4 22 0
4 99 962
4 70 0
15 25 12
15 50 31
15 99 943
15 81 0
79 18 0
79 99 977
84 99 992
94 36 0
94 99 952
48 10 0
48 99 958
34 25 0
34 99 960
63 99 924
63 24 20
9 99 935
9 50 13
61 99 957
61 59 0
61 79 0
95 99 920
30 27 0
30 73 0
30 44 41
30 99 987
87 23 0
87 51 0
87 38 0
87 53 0
87 99 943
26 73 0
26 99 931
6 99 998
6 38 0
53 84 23
53 14 4
53 88 16
53 99 909
53 81 20
75 71 20
75 99 953
75 15 0
75 52 0
91 99 916
91 8 0
93 83 26
93 99 914
93 20 46
22 84 4
22 65 8
22 99 949
74 10 0
74 99 917
74 86 0
74 66 55
74 63 0
67 99 998
86 40 41
86 99 932
12 13 0
12 39 0
12 37 0
12 99 992
3 17 0
3 99 960
3 94 0
36 99 904
36 37 37
40 99 926
40 69 28
40 31 96
41 36 0
41 81 0
41 99 924
41 77 0
18 26 0
18 56 27
18 59 0
18 68 0
18 99 963
51 88 13
51 99 975
51 78 0
43 80 29
43 99 945
60 41 0
60 50 0
60 99 971
59 99 927
59 84 0
59 28 27
