Push-Relabel
0 23 917
0 2 950
0 17 924
0 80 973
0 58 981
0 42 939
0 96 986
0 49 900
0 33 919
0 62 949
0 28 916
0 68 998
0 29 905
0 70 943
0 72 991
0 64 996
0 50 953
0 82 923
0 54 959
0 88 951
0 69 961
0 32 935
0 92 922
0 98 983
0 39 943
0 85 910
0 45 985
0 31 933
0 10 977
0 76 942
0 71 965
0 56 972
0 65 926
0 11 964
0 55 908
0 81 995
0 66 979
0 5 960
0 38 880
0 25 951
0 90 940
0 7 933
0 97 966
0 13 963
0 77 923
0 89 944
0 57 991
0 52 903
0 21 934
0 1 952
0 73 980
0 24 944
0 78 933
0 19 968
0 20 942
0 16 953
0 44 935
0 37 859
0 8 954
0 27 985
0 83 984
0 35 934
0 47 945
0 14 964
0 46 980
0 4 974
0 15 974
0 79 977
0 84 948
0 94 952
0 48 984
0 34 942
0 63 996
0 9 871
0 61 917
0 95 920
0 30 958
0 87 943
0 26 933
0 99 926
0 6 986
0 53 945
0 75 951
0 91 940
0 93 986
0 22 953
0 74 972
0 67 918
0 86 932
0 12 992
0 3 943
0 36 967
0 40 955
0 41 920
0 18 964
0 51 988
0 43 993
0 60 920
0 59 964
23 99 917
2 99 907
2 5 0
2 40 0
2 24 0
2 61 43
17 40 28
17 5 0
17 99 955
80 99 964
80 38 48
80 18 9
58 3 49
58 99 952
58 51 0
42 99 939
96 84 0
96 27 9
96 19 259
96 99 986
49 67 80
49 14 69
49 99 957
33 63 0
33 84 0
33 99 919
62 99 910
62 49 174
28 51 0
28 99 955
28 14 0
28 19 0
68 48 18
68 27 0
68 99 980
68 77 0
29 99 905
70 99 952
70 50 64
70 92 138
70 75 94
70 72 61
72 84 0
72 99 987
72 24 0
72 55 0
72 44 65
64 99 976
64 56 20
64 73 0
50 99 1000
50 38 123
82 99 923
82 71 0
54 75 0
54 20 0
54 68 0
54 92 0
54 52 0
54 96 0
54 99 964
54 71 0
88 99 986
88 29 0
69 99 996
32 99 932
32 62 61
32 77 0
32 78 0
92 85 62
92 99 912
92 60 87
98 7 32
98 99 952
98 62 74
98 40 197
39 4 30
39 85 0
39 99 913
85 15 0
85 99 972
85 37 0
45 23 0
45 99 964
45 78 21
31 99 973
31 35 309
31 36 210
31 91 0
31 96 0
31 23 0
10 99 909
10 22 187
10 26 298
76 99 942
71 91 0
71 99 999
71 66 7
71 93 0
56 69 0
56 92 1
56 99 995
56 86 0
65 99 966
65 96 260
11 4 151
11 99 904
55 99 908
81 99 961
81 57 93
81 49 32
66 99 969
66 20 0
66 9 64
66 73 18
66 57 136
5 99 960
38 99 901
38 66 150
25 96 8
25 11 0
25 2 0
25 99 951
25 57 11
25 6 12
25 10 0
90 19 0
90 50 102
90 99 927
90 36 0
7 99 965
97 99 966
97 52 0
13 42 0
13 99 903
13 98 60
77 99 923
77 23 0
89 6 0
89 99 944
57 65 0
57 99 962
57 70 355
57 11 91
52 99 954
52 7 0
21 84 0
21 98 0
21 55 0
21 99 934
1 69 0
1 36 0
1 65 0
1 99 952
73 48 369
73 10 0
73 94 0
73 28 11
73 99 968
24 65 1
24 99 905
24 55 0
24 53 110
78 69 35
78 94 0
78 99 926
19 40 305
19 8 0
19 99 922
20 99 996
20 17 59
20 23 0
20 13 0
16 55 0
16 84 0
16 99 953
44 52 0
44 99 1000
44 9 0
37 91 190
37 99 942
8 98 191
8 99 977
8 78 0
27 42 0
27 99 994
83 30 70
83 40 0
83 32 58
83 81 0
83 99 928
35 98 21
35 65 143
35 90 89
35 99 990
47 99 945
14 99 974
14 20 113
14 41 0
46 34 18
46 24 0
46 58 20
46 53 0
46 99 942
4 57 177
4 86 0
4 54 5
4 22 0
4 99 962
4 70 11
15 25 31
15 50 0
15 99 943
15 81 0
79 18 3
79 99 977
84 99 992
94 36 0
94 99 952
48 10 413
48 99 958
34 25 0
34 99 960
63 99 924
63 24 72
9 99 935
9 50 0
61 99 957
61 59 0
61 79 3
95 99 920
30 27 0
30 73 41
30 44 0
30 99 987
87 23 0
87 51 0
87 38 0
87 53 0
87 99 943
26 73 309
26 99 931
6 99 998
6 38 0
53 84 0
53 14 54
53 88 29
53 99 909
53 81 63
75 71 41
75 99 953
75 15 0
75 52 51
91 99 916
91 8 214
93 83 72
93 99 914
93 20 0
22 84 35
22 65 156
22 99 949
74 10 4
74 99 917
74 86 0
74 66 51
74 63 0
67 99 998
86 40 0
86 99 932
12 13 0
12 39 0
12 37 0
12 99 992
3 17 0
3 99 992
3 94 0
36 99 904
36 37 273
40 99 926
40 69 0
40 31 559
41 36 0
41 81 28
41 99 924
41 77 0
18 26 9
18 56 4
18 59 0
18 68 0
18 99 963
51 88 6
51 99 975
51 78 7
43 80 48
43 99 945
60 41 32
60 50 4
60 99 971
59 99 927
59 84 9
59 28 28
