0 39
1 0
2 0
2 10
3 28
3 24
4 27
4 5
5 0
6 8
7 0
9 30
10 25
11 19
12 1
13 5
13 8
14 18
14 12
15 33
15 9
16 32
16 13
17 0
20 0
21 8
21 14
22 16
22 39
23 35
25 2
26 34
26 37
27 3
28 1
29 7
29 13
31 16
31 17
32 8
36 5
38 13
18 39
33 0
0 16
6 21
20 17
15 14
0 23
5 16
32 23
26 25
30 31
23 19
5 18
8 1
25 28
16 17
19 15
22 34
8 12
8 33
17 27
14 10
8 20
1 26
30 19
34 8
37 36
27 25
20 30
31 7
28 17
6 10
1 24
21 33
21 36
25 32
11 27
36 30
34 6
10 30
35 28
37 4
26 19
10 22
22 28
6 14
18 26
20 34
5 22
1 30
12 3
39 4
11 20
11 3
7 12
