0 21
1 51
1 27
2 29
3 52
3 28
4 23
4 2
5 46
6 8
7 16
7 35
8 47
9 34
9 2
10 12
10 35
11 35
13 51
13 40
14 25
14 24
15 52
15 27
17 6
18 54
19 1
19 13
20 5
20 0
21 32
22 15
22 35
24 9
26 30
29 35
31 34
31 39
32 43
33 52
36 48
37 50
37 15
38 6
38 43
41 43
41 5
42 2
42 38
44 49
44 24
45 52
47 7
48 35
49 26
53 20
53 47
36 18
6 53
32 50
16 47
46 6
42 7
27 46
24 32
26 29
2 54
1 40
9 45
47 23
25 23
21 45
4 11
13 27
7 22
45 17
43 29
7 19
45 42
46 10
3 53
3 12
33 41
44 13
5 2
48 0
10 52
42 9
25 7
29 27
26 51
1 31
27 12
36 5
17 12
32 30
17 36
12 49
17 34
28 25
50 29
7 34
24 6
46 32
50 2
42 3
6 33
34 46
14 8
12 19
37 27
10 36
35 8
42 25
43 11
9 25
51 30
7 3
16 48
46 16
13 18
18 20
35 31
23 9
27 49
13 47
50 15
16 1
10 45
