0 43
0 228
1 226
2 394
2 53
3 722
4 322
4 702
5 167
5 430
6 737
6 298
7 576
8 635
9 178
9 603
10 255
11 512
11 224
12 384
13 689
14 564
15 427
16 296
17 608
18 671
18 491
19 651
19 110
20 42
21 744
22 707
22 405
23 306
23 454
24 372
25 367
25 448
26 215
26 169
27 591
27 242
28 580
28 645
29 427
29 575
30 619
30 62
31 136
31 711
32 622
33 143
33 326
34 291
34 509
35 513
36 613
37 675
38 144
38 561
39 219
40 51
40 65
41 146
42 178
43 212
44 58
45 415
46 202
47 224
48 606
48 491
49 642
49 62
50 175
52 569
52 299
54 651
54 167
55 272
56 43
56 222
57 399
59 540
60 486
60 180
61 415
61 47
63 551
63 318
64 439
65 359
66 33
66 96
67 160
67 662
68 554
69 664
69 29
70 214
71 554
72 226
72 633
73 529
73 169
74 516
74 158
75 623
75 344
76 8
76 584
77 604
78 173
79 650
79 396
80 67
80 708
81 359
82 316
83 468
83 477
84 177
85 372
86 468
87 445
88 652
88 314
89 87
89 719
90 538
91 373
92 219
92 247
93 256
93 679
94 634
95 65
96 720
97 96
98 523
99 96
99 473
100 3
101 624
102 120
103 294
104 456
105 3
105 498
106 749
107 68
107 548
108 460
108 530
109 26
110 499
111 119
111 56
112 276
112 735
113 711
113 329
114 639
114 53
115 650
116 376
117 198
118 549
121 603
121 81
122 114
122 325
123 51
123 163
124 335
124 99
125 311
126 79
126 406
127 286
128 406
128 307
129 598
130 220
131 571
132 706
132 143
133 422
133 667
134 444
134 232
135 276
137 140
137 509
138 145
139 584
139 717
140 733
141 325
142 32
144 13
145 536
147 592
148 484
148 92
149 80
150 743
150 648
151 260
152 683
152 503
153 303
154 433
154 730
155 181
155 716
156 671
156 291
157 241
159 663
160 170
161 551
162 537
164 565
165 174
165 208
166 415
168 671
168 17
171 575
172 228
172 680
174 613
176 528
179 576
179 60
181 610
182 561
182 381
183 479
184 60
184 548
185 13
185 438
186 418
187 572
188 613
189 184
190 232
190 653
191 497
192 552
192 541
193 680
194 270
194 538
195 225
196 395
197 529
199 191
199 613
200 390
200 654
201 189
201 58
203 119
204 384
204 123
205 305
206 265
206 723
207 736
209 408
210 192
210 532
211 285
213 746
213 735
214 573
215 499
216 524
217 73
218 738
218 569
220 435
221 476
223 515
227 551
227 603
229 189
229 349
230 208
230 34
231 540
233 211
234 136
234 82
235 399
235 234
236 355
237 73
237 512
238 500
238 481
239 617
240 246
240 477
241 12
242 329
243 178
243 670
244 136
245 211
246 305
248 483
248 588
249 67
250 278
251 720
252 501
253 702
253 126
254 570
254 559
256 717
257 57
258 189
258 584
259 84
261 237
261 173
262 272
262 563
263 177
264 382
264 630
266 88
267 485
267 674
268 373
269 705
271 479
273 254
274 102
275 376
275 722
277 700
278 131
279 684
279 681
280 209
280 657
281 596
281 206
282 162
282 674
283 205
284 219
286 14
287 383
287 264
288 57
289 276
289 428
290 385
292 66
293 70
294 602
295 745
295 289
296 490
297 374
298 594
299 608
300 417
301 520
302 73
303 621
304 516
306 545
308 558
309 129
309 572
310 722
310 160
311 99
312 229
312 191
313 592
315 331
315 42
317 562
317 720
318 527
319 522
319 21
320 588
321 46
323 565
324 615
324 328
327 672
327 611
328 473
330 497
331 433
332 410
333 132
334 483
334 65
336 20
337 145
337 362
338 160
339 413
339 704
340 264
340 346
341 603
341 418
342 251
342 303
343 133
343 408
344 664
345 688
347 327
348 375
350 480
351 220
351 450
352 564
353 335
353 195
354 461
356 34
357 444
357 610
358 247
360 529
361 666
361 300
363 531
363 510
364 336
364 554
365 79
366 686
366 621
368 458
369 281
369 400
370 749
371 650
374 682
375 225
377 41
377 662
378 247
378 343
379 580
379 292
380 633
383 547
385 263
386 569
387 180
388 556
388 502
389 494
391 618
392 436
392 397
393 444
395 678
397 448
398 499
400 329
401 257
401 272
402 239
402 653
403 514
403 94
404 45
407 662
407 650
409 674
411 615
411 400
412 261
412 515
413 70
414 310
414 342
416 458
416 208
417 603
419 529
420 459
421 174
421 262
423 370
424 402
424 664
425 634
425 608
426 511
429 303
430 117
431 293
432 62
434 176
437 633
437 60
438 731
440 150
440 207
441 247
441 222
442 150
442 50
443 661
443 623
446 327
446 740
447 203
447 512
449 97
449 42
450 728
451 247
452 270
453 146
453 660
454 130
455 6
455 311
456 501
457 483
462 33
462 196
463 506
464 711
464 227
465 379
465 20
466 680
466 362
467 79
469 530
470 439
470 489
471 548
472 587
474 574
475 263
476 186
478 376
478 637
480 0
481 271
482 342
484 580
486 68
487 43
488 695
488 128
489 497
490 146
492 579
493 587
495 378
495 135
496 208
496 415
502 240
503 544
504 556
505 156
506 635
507 623
507 32
508 132
510 4
511 454
513 503
514 11
517 344
517 622
518 549
518 113
519 136
521 444
521 663
525 200
525 94
526 616
526 364
528 127
533 494
534 337
534 75
535 322
535 616
536 664
539 36
541 154
542 265
542 570
543 508
544 687
546 212
550 615
550 164
553 484
553 432
555 115
555 246
557 531
557 641
560 666
560 206
562 742
563 163
566 189
567 157
568 261
573 481
574 580
577 655
578 524
578 346
581 664
582 339
583 625
585 488
586 117
589 58
589 164
590 253
590 371
593 43
595 570
595 428
596 315
597 356
598 310
599 554
599 385
600 411
601 242
604 615
605 90
605 435
606 615
607 472
607 693
609 728
612 286
612 324
614 447
617 550
619 163
620 370
620 276
625 327
626 586
627 317
627 47
628 656
629 716
631 563
631 243
632 192
632 459
636 197
636 175
638 273
640 105
641 735
643 349
643 302
644 446
644 744
646 245
646 49
647 242
649 458
652 540
655 461
657 22
658 568
659 110
660 601
661 3
665 347
668 468
668 29
669 105
669 23
673 640
673 352
676 572
676 314
677 654
679 315
681 331
683 548
684 613
685 478
688 642
690 392
691 93
691 468
692 399
694 412
696 695
696 492
697 653
698 312
699 129
700 224
701 514
703 679
703 739
704 312
705 419
707 180
709 672
710 658
712 293
712 64
713 240
713 726
714 239
715 604
715 660
718 264
718 324
721 541
721 512
723 711
724 454
725 586
725 27
726 292
727 285
727 183
729 196
730 180
731 97
732 15
734 156
741 694
741 93
742 286
743 229
745 446
746 489
747 495
748 417
585 672
549 602
701 629
48 371
178 283
331 655
631 571
385 357
449 629
302 702
408 615
483 222
252 6
64 288
145 183
195 324
347 682
610 393
465 499
248 623
116 134
458 229
253 445
309 118
344 59
150 417
109 414
327 325
180 31
166 682
362 116
553 669
331 701
600 662
660 283
664 1
344 119
484 709
568 716
163 461
95 733
231 325
232 744
210 738
526 608
7 620
232 627
251 742
618 648
127 86
85 421
178 369
327 661
456 691
298 344
491 275
597 701
617 731
455 238
164 27
280 270
53 133
619 140
80 268
405 468
224 225
573 169
441 478
21 219
214 108
273 377
61 677
651 261
526 249
46 241
360 402
231 741
404 324
712 24
642 412
379 454
621 199
450 425
581 75
291 15
432 29
458 445
481 585
481 175
191 338
600 327
54 331
691 627
160 728
108 26
595 592
500 145
728 278
131 343
289 505
480 298
403 482
679 511
299 8
87 537
56 63
654 474
309 219
43 555
367 42
693 367
180 217
334 313
64 11
386 711
59 11
386 514
634 631
515 236
360 306
717 35
730 618
667 38
369 334
632 67
185 668
122 140
37 648
542 707
593 86
621 257
618 656
189 339
690 248
137 346
152 157
507 198
87 319
481 649
247 711
316 507
731 158
351 36
417 178
444 646
706 82
100 556
120 94
108 712
353 346
660 294
49 293
470 418
337 7
13 603
334 541
358 114
442 216
477 411
510 296
520 621
660 415
228 382
628 211
648 340
30 208
75 201
49 261
546 574
624 44
251 238
106 79
460 430
319 533
433 333
217 529
436 476
326 362
555 311
720 595
228 284
574 641
617 633
251 501
712 318
69 409
65 724
120 440
443 651
350 551
172 720
650 343
694 702
741 37
296 715
424 482
397 601
502 650
546 577
224 467
559 250
380 451
327 244
221 497
309 193
503 301
62 309
62 603
618 53
558 597
426 594
87 509
531 377
221 69
629 194
672 560
417 494
388 273
735 304
588 441
389 672
365 491
278 127
14 313
553 166
664 102
454 538
302 27
182 218
429 387
118 694
482 7
386 88
338 195
16 267
259 550
593 283
231 71
477 518
328 269
131 488
28 591
340 251
245 739
408 449
458 712
119 373
288 717
660 195
465 67
204 691
474 89
588 178
624 175
673 380
128 432
481 198
555 342
488 287
248 605
21 529
86 233
624 712
389 158
604 590
318 696
413 184
634 407
436 749
411 280
110 245
73 163
539 487
428 518
187 77
308 723
228 709
423 76
543 721
624 157
348 106
403 279
591 484
716 354
51 729
416 265
421 529
402 625
680 156
642 612
81 46
526 500
284 151
588 110
368 461
336 566
325 374
452 275
497 521
170 155
526 258
202 189
215 418
191 216
254 636
670 473
633 342
654 309
189 126
406 427
649 463
244 275
109 216
278 401
342 581
686 91
380 482
688 234
169 557
339 53
90 707
244 486
365 701
313 576
283 134
571 309
407 136
585 622
218 173
203 77
589 330
296 575
722 122
311 636
571 609
267 126
305 325
422 19
659 53
239 580
519 616
269 376
318 17
458 282
586 317
475 544
248 334
702 306
72 218
199 92
432 578
495 136
183 351
126 465
252 87
493 675
429 431
589 81
745 155
375 346
452 72
580 420
51 200
745 356
476 274
554 456
77 165
611 447
488 7
371 236
739 264
136 483
553 201
106 20
678 233
398 459
107 699
433 589
358 90
276 217
589 13
292 318
417 2
609 171
366 159
604 558
378 46
137 197
74 731
697 409
7 152
16 655
729 531
239 566
394 600
304 453
464 486
194 356
489 560
8 478
109 107
407 689
254 119
510 378
94 184
146 685
125 460
519 348
720 470
534 585
251 738
681 327
132 289
144 272
331 343
605 342
498 549
298 500
359 133
219 323
457 449
471 120
590 686
454 521
286 665
318 723
391 747
644 34
90 93
618 291
383 418
76 500
651 220
19 624
444 592
138 588
255 621
557 638
161 683
226 142
648 256
526 79
383 51
281 526
6 89
517 332
724 623
14 587
656 122
331 111
30 403
741 279
512 14
686 158
446 337
563 384
28 54
108 656
80 532
497 34
377 443
380 383
486 381
450 208
730 495
248 66
36 347
154 343
487 357
249 606
582 121
322 42
301 724
487 23
700 300
601 132
713 168
82 703
151 636
58 600
246 615
218 739
319 460
327 136
530 710
527 66
303 594
253 242
433 114
536 449
118 680
272 330
156 598
83 427
215 171
371 600
26 296
462 451
451 696
344 711
457 672
136 728
154 158
71 158
589 116
661 464
310 89
398 725
434 61
332 407
725 108
352 37
563 552
749 196
173 617
368 184
363 223
686 210
123 3
303 157
331 709
619 736
576 463
640 206
679 86
557 737
635 347
279 324
59 358
172 675
66 135
657 132
235 259
536 127
364 476
668 502
482 550
560 405
169 112
475 253
672 595
327 140
78 686
306 214
28 301
109 162
566 145
48 2
733 571
285 568
74 162
322 128
241 118
463 334
691 241
194 569
181 148
196 113
705 649
508 651
588 242
36 536
47 115
404 401
480 745
155 38
355 740
673 174
24 44
8 474
679 217
143 536
49 504
85 14
298 709
41 255
304 23
291 418
45 474
312 717
298 618
154 30
165 450
680 150
100 554
482 599
183 175
727 557
679 191
335 419
681 473
599 65
665 367
338 27
307 150
706 687
364 529
124 271
299 368
396 600
582 393
562 637
210 401
332 331
346 85
633 530
475 50
39 408
0 362
102 256
232 549
572 624
176 289
386 284
292 572
267 377
153 517
55 187
217 38
419 514
726 148
445 602
334 91
337 661
331 349
15 352
640 236
513 668
572 275
15 566
94 538
741 223
281 18
174 50
524 548
505 130
208 95
362 268
421 28
8 625
540 629
411 99
385 504
519 229
129 601
386 699
401 340
605 362
480 400
318 41
87 648
407 274
694 185
518 678
39 450
515 6
165 30
664 472
347 2
594 541
578 705
330 42
302 125
189 114
535 239
303 208
54 506
81 726
290 223
617 260
183 533
25 244
693 434
680 714
227 266
42 145
602 306
291 677
629 412
686 480
15 465
628 646
86 214
437 503
239 80
86 83
588 710
240 403
348 222
582 614
36 358
237 687
97 594
82 372
601 731
270 295
601 233
707 558
395 674
190 233
13 335
478 503
599 457
716 24
576 628
634 454
120 376
124 3
243 448
205 89
370 248
442 742
497 130
290 246
64 42
58 375
402 260
579 524
30 206
352 217
47 639
435 661
364 428
529 71
551 293
393 113
321 342
66 21
344 177
516 287
593 65
502 156
64 443
689 265
237 454
346 475
626 82
714 646
509 220
204 240
20 504
175 354
74 425
477 287
62 492
388 648
181 623
627 441
349 246
640 513
710 736
662 515
622 316
629 647
340 100
107 681
483 44
514 364
388 244
462 668
70 30
332 72
481 141
118 297
546 235
142 624
141 1
206 687
28 248
419 635
63 394
387 373
121 570
635 42
514 486
448 282
307 274
192 512
76 708
620 414
17 257
628 526
38 628
195 480
647 619
358 261
5 359
653 403
118 143
50 638
526 502
502 51
230 571
118 63
393 406
464 701
167 497
364 699
344 522
142 403
549 714
732 111
746 304
197 31
432 184
56 367
302 168
549 470
550 638
331 645
566 599
710 536
23 31
633 330
96 283
577 389
177 361
313 424
590 271
222 572
685 64
276 290
585 361
227 45
244 596
0 579
236 90
416 159
466 522
245 454
503 133
739 321
289 222
449 520
110 148
124 169
11 692
12 731
520 518
465 369
136 551
155 65
680 276
558 592
566 301
131 214
173 322
746 363
647 201
370 368
442 571
444 112
441 31
744 509
384 642
216 673
471 13
119 529
170 719
98 353
491 524
8 481
735 699
619 181
649 491
163 347
715 685
443 206
144 523
266 559
741 278
498 76
159 284
107 33
42 428
397 447
52 120
134 677
3 47
476 65
288 168
18 618
710 401
723 231
509 259
75 592
345 127
102 0
2 362
403 320
553 436
116 130
453 16
65 622
461 275
430 748
459 494
506 46
270 233
442 368
252 605
291 375
239 685
421 742
316 247
316 675
132 237
220 749
549 510
675 378
481 243
322 677
718 722
105 629
508 580
255 260
499 34
440 703
612 583
330 745
63 65
375 211
207 485
433 713
734 90
10 618
387 508
35 79
8 280
530 538
185 724
215 100
537 260
722 234
230 413
285 173
15 501
500 600
742 124
187 206
430 449
606 542
10 592
710 133
485 85
716 511
96 46
225 570
567 585
608 458
98 132
583 103
245 41
16 473
58 475
57 516
80 176
200 695
178 579
389 102
608 459
361 734
199 450
673 98
708 590
282 73
13 529
395 445
128 616
227 476
6 715
188 499
586 398
354 340
290 491
102 15
22 99
510 611
353 320
735 99
258 20
232 85
168 437
179 259
325 18
686 313
578 37
369 116
135 303
529 701
33 198
252 647
564 486
701 255
119 398
175 191
286 91
93 651
320 246
694 292
312 548
623 438
696 533
74 671
338 256
663 551
589 346
192 507
693 478
236 711
617 191
710 141
502 531
612 369
448 32
199 512
277 434
620 193
202 591
551 661
551 279
596 193
589 86
251 578
339 382
191 466
721 508
509 183
549 139
87 505
523 402
184 724
525 191
390 258
517 414
430 451
260 298
205 477
187 714
143 296
14 403
349 318
551 103
679 136
318 180
433 749
700 0
538 225
77 286
311 361
676 426
689 703
356 289
377 31
536 706
695 514
282 28
626 1
672 584
343 46
735 746
633 272
286 36
55 700
398 522
332 212
559 374
342 310
661 354
504 744
457 273
393 342
75 373
310 427
439 180
127 172
237 125
105 53
101 112
305 41
390 219
379 560
210 270
720 104
315 137
99 581
677 171
662 51
745 591
244 72
157 644
305 436
7 283
618 525
289 649
64 718
383 472
413 533
140 673
738 727
24 103
537 727
11 193
54 98
5 95
661 533
473 595
500 157
497 546
673 735
374 217
178 573
77 586
689 259
516 329
357 170
340 253
170 194
468 665
719 608
414 585
6 586
439 406
286 312
232 157
460 537
133 458
358 447
178 184
550 196
747 576
493 428
639 412
159 518
554 588
