0 13
0 26
1 40
2 38
2 6
3 6
4 21
4 36
5 21
7 38
8 31
9 24
9 28
10 34
10 25
11 15
11 20
12 19
12 25
14 23
14 32
15 19
16 32
16 40
17 21
17 10
18 6
22 7
23 0
26 29
27 22
29 18
30 17
33 8
35 19
35 36
37 26
39 9
41 21
41 23
42 15
43 41
43 3
44 39
44 16
7 13
20 28
27 6
35 31
42 39
0 7
31 7
8 1
42 43
30 27
26 12
35 4
33 25
29 16
24 39
5 30
16 10
36 44
8 2
38 17
38 14
40 32
21 42
35 20
9 17
39 20
29 6
20 18
14 21
30 10
1 2
41 2
33 37
0 4
29 37
9 27
26 38
20 12
14 27
1 38
9 10
3 20
24 14
0 20
33 13
32 38
22 5
38 15
10 18
26 15
2 3
34 1
32 23
14 30
43 34
0 31
17 40
31 34
12 44
31 24
15 41
7 12
25 42
34 40
