0 31
1 85
1 71
2 13
2 31
3 16
4 99
5 167
5 26
6 190
6 187
7 65
7 136
8 198
8 41
9 105
9 26
10 179
11 129
12 164
12 118
14 101
14 74
15 95
15 96
17 167
18 59
18 101
19 166
19 187
20 74
21 37
21 91
22 26
23 196
23 54
24 164
25 160
25 155
27 100
27 63
28 120
29 139
29 31
30 109
32 87
32 75
33 120
33 97
34 59
35 85
35 103
36 44
37 16
38 102
39 32
40 94
42 65
42 116
43 18
43 154
45 53
45 85
46 37
46 74
47 159
47 72
48 18
48 199
49 23
49 101
50 118
51 145
51 17
52 61
53 76
55 166
56 155
56 58
57 144
58 94
60 155
62 114
64 74
64 81
66 39
67 49
67 176
68 127
68 11
69 143
69 180
70 54
71 77
73 22
73 76
75 47
78 14
79 85
80 51
82 93
82 36
83 188
84 104
84 142
86 71
86 40
87 103
88 161
89 103
90 35
91 13
92 152
92 93
95 139
96 68
98 23
98 191
100 34
102 161
106 37
106 161
107 170
107 117
108 29
108 147
110 24
111 192
111 175
112 7
113 68
113 33
114 2
115 97
116 69
117 87
119 194
119 11
121 188
121 59
122 72
122 176
123 27
124 92
125 89
126 64
127 176
128 127
129 171
130 70
130 173
131 180
131 153
132 65
132 186
133 97
133 39
134 75
134 193
135 131
135 166
136 162
137 29
137 34
138 18
138 124
140 136
141 57
142 43
146 33
147 165
148 109
149 39
150 118
150 56
151 172
156 2
156 118
157 198
158 1
160 11
163 46
163 101
165 168
168 31
169 159
169 175
170 29
171 176
172 79
174 23
177 80
177 175
178 5
178 180
181 195
182 143
182 157
183 102
184 103
184 126
185 137
185 15
186 4
189 23
191 54
192 24
193 120
194 43
196 70
197 168
199 12
40 70
135 48
158 62
89 30
31 78
156 73
108 27
27 26
85 77
9 163
58 55
122 125
119 148
190 52
108 73
11 192
184 137
189 17
26 150
83 19
70 154
51 15
20 104
81 130
191 10
19 163
149 148
177 172
61 54
131 67
145 198
76 105
95 3
137 38
37 31
177 188
76 124
148 192
49 134
13 83
16 130
108 22
60 116
16 74
51 38
8 61
114 152
173 150
98 38
7 123
66 170
11 12
10 101
135 58
49 174
70 150
181 47
139 11
42 183
58 21
34 128
63 120
196 33
157 6
29 174
117 183
96 185
107 45
16 189
39 90
29 43
184 131
41 165
87 22
101 7
199 106
140 32
87 127
44 37
178 135
89 114
65 58
15 169
12 170
8 171
65 71
186 179
117 179
87 2
95 104
37 160
31 139
138 194
32 176
189 145
60 158
11 156
120 178
129 160
18 47
115 71
89 157
126 92
56 151
145 74
170 7
76 178
87 135
63 169
19 21
41 72
101 136
76 52
132 59
75 186
154 40
48 59
137 198
38 126
117 59
19 81
144 193
65 171
104 15
173 12
118 63
97 167
170 32
71 197
166 52
113 49
167 106
105 20
179 154
151 37
141 158
174 18
25 60
17 78
128 140
127 124
198 29
25 90
198 197
105 129
147 168
112 86
148 80
46 9
47 88
47 129
98 160
16 96
33 86
189 6
24 73
165 105
48 184
143 156
156 159
52 191
167 171
129 137
78 175
42 24
82 115
27 1
100 0
197 115
66 17
115 22
12 92
14 104
56 71
173 196
74 68
191 3
12 1
67 60
186 193
63 187
90 86
181 108
33 74
117 0
172 145
71 55
13 84
176 105
199 13
80 103
139 18
117 86
45 58
180 50
197 143
135 175
103 187
20 41
100 186
86 127
29 67
12 147
146 49
131 110
190 182
66 74
193 82
16 28
65 5
85 91
179 151
108 102
64 137
65 165
40 73
138 123
90 121
6 135
133 38
102 34
195 148
199 81
49 185
148 117
74 63
125 4
149 79
139 1
45 116
20 182
18 8
170 78
91 90
18 82
43 129
170 115
197 22
6 156
40 100
169 188
151 129
28 149
53 116
22 163
12 36
20 127
185 150
150 20
47 90
77 126
189 34
29 62
21 116
51 102
87 165
197 78
97 113
145 144
14 95
26 57
134 65
32 113
44 161
20 101
149 103
40 114
47 113
176 174
190 21
153 30
128 145
62 49
101 125
50 128
5 27
89 135
177 122
42 12
187 177
103 155
49 152
115 132
49 199
