0 924
1 355
1 559
2 674
3 36
3 812
4 392
5 794
5 155
6 368
6 866
7 490
8 402
9 519
10 456
11 57
11 627
12 33
12 812
13 955
14 364
15 536
15 584
16 581
17 113
18 650
18 705
19 635
20 802
20 161
21 8
22 398
22 72
23 358
23 89
24 247
24 377
25 467
25 983
26 15
27 934
27 439
28 162
29 434
29 418
30 717
31 127
32 895
33 449
34 289
34 16
35 21
35 375
36 166
37 535
37 433
38 46
39 939
40 82
40 517
41 767
41 693
42 555
43 913
43 817
44 961
45 841
47 168
47 728
48 570
49 253
49 163
50 94
51 463
52 400
52 718
53 584
53 108
54 837
54 831
55 230
55 284
56 563
58 716
58 31
59 296
60 927
60 243
61 5
62 863
62 796
63 370
64 372
65 952
65 12
66 739
66 735
67 844
68 11
68 357
69 896
70 331
71 914
73 467
73 322
74 206
74 638
75 295
75 786
76 918
77 375
77 316
78 738
79 176
79 694
80 446
81 653
82 350
83 746
83 727
84 819
84 491
85 753
86 201
86 118
87 727
87 903
88 698
89 635
90 799
90 713
91 222
91 945
92 266
92 631
93 149
93 799
95 196
96 681
96 4
97 279
98 231
98 579
99 860
99 621
100 728
101 758
102 448
102 676
103 735
103 413
104 108
105 792
106 583
106 829
107 48
107 23
109 563
110 809
111 744
112 281
112 146
113 43
114 724
114 117
115 117
115 954
116 855
118 247
119 739
119 39
120 890
120 836
121 423
122 147
123 843
124 41
125 64
125 349
126 367
126 540
128 373
129 133
129 55
130 328
131 722
132 33
132 952
134 646
134 610
135 904
135 782
136 424
137 421
137 552
138 910
138 47
139 486
140 363
140 473
141 340
142 175
143 829
144 401
144 110
145 703
145 637
146 708
148 926
148 352
149 0
150 384
151 247
152 374
152 335
153 38
153 760
154 786
156 985
157 971
157 423
158 868
158 79
159 51
160 461
161 962
164 360
164 72
165 467
165 125
166 188
167 597
169 192
170 631
170 791
171 7
172 430
172 3
173 179
174 575
175 39
177 904
178 52
178 822
179 941
180 853
180 749
181 546
181 85
182 307
183 991
183 871
184 792
185 581
186 627
186 768
187 709
189 490
189 530
190 583
191 550
191 920
192 263
193 791
193 554
194 549
194 872
195 972
197 991
197 922
198 782
199 392
200 664
202 574
203 267
203 317
204 16
204 770
205 516
207 770
207 669
208 387
208 343
209 467
209 307
210 48
210 206
211 653
211 477
212 106
212 199
213 890
214 3
215 621
216 815
217 50
218 644
219 834
220 101
221 151
221 676
223 393
224 934
224 965
225 235
226 536
227 828
228 91
228 363
229 81
232 788
232 827
233 940
234 321
236 431
237 885
238 321
239 88
240 679
240 164
241 516
241 484
242 731
242 445
244 952
245 690
245 416
246 140
246 183
248 568
249 162
249 799
250 501
250 306
251 866
251 444
252 18
252 609
253 805
254 222
255 834
255 452
256 634
257 248
257 366
258 250
259 765
259 913
260 378
261 210
262 692
263 328
264 959
265 299
266 855
267 154
268 879
268 953
269 860
270 280
271 24
272 548
273 605
274 761
274 870
275 338
276 394
277 602
277 895
278 342
279 345
281 476
282 357
282 501
283 307
285 850
286 429
286 581
287 379
288 273
289 977
290 197
291 844
291 299
292 443
292 505
293 892
294 288
295 431
297 899
297 143
298 860
300 585
300 357
301 374
302 430
303 206
304 446
304 851
305 644
305 244
306 638
308 792
309 280
310 335
311 508
312 871
313 627
314 893
315 878
317 936
318 428
319 715
320 619
323 885
324 856
324 788
325 266
326 66
327 138
327 971
329 792
330 994
330 586
332 239
333 103
334 918
336 466
337 330
337 462
338 194
339 432
340 123
341 854
341 493
342 881
343 331
344 221
346 817
347 198
348 507
348 961
351 534
351 703
353 146
354 65
354 0
356 985
356 396
358 361
359 672
362 4
362 686
365 466
365 934
366 989
367 427
369 248
369 215
371 474
373 101
376 956
376 347
377 425
378 560
379 447
380 934
381 539
382 385
382 645
383 369
383 452
386 335
386 198
388 142
389 334
390 562
390 367
391 130
394 323
395 706
396 614
397 180
399 179
403 554
404 595
405 681
405 948
406 296
406 315
407 726
407 751
408 333
409 119
409 326
410 327
410 448
411 628
412 15
412 262
414 540
415 819
416 586
417 983
417 87
418 534
419 92
419 595
420 125
421 64
422 137
424 810
425 246
426 865
426 874
427 977
429 714
433 413
435 321
435 103
436 493
436 296
437 627
438 400
438 718
440 147
441 806
441 368
442 659
444 919
445 705
447 33
450 715
450 643
451 729
451 622
453 825
454 326
455 271
457 724
457 814
458 535
458 613
459 285
460 143
460 615
461 393
464 578
464 3
465 314
468 649
469 899
470 163
470 379
471 656
472 869
475 329
476 824
478 758
479 99
480 818
480 806
481 5
482 620
482 824
483 922
484 232
485 350
486 693
487 513
487 853
488 743
488 739
489 624
491 895
492 132
494 978
495 331
496 826
496 463
497 121
497 48
498 224
498 615
499 258
499 15
500 556
500 759
502 457
503 679
503 160
504 407
504 392
505 390
506 139
506 788
507 990
508 717
509 243
509 445
510 24
510 969
511 181
511 58
512 997
512 842
513 483
514 609
515 958
515 121
518 643
519 109
520 809
521 522
522 382
523 315
523 560
524 507
524 198
525 594
525 69
526 14
526 901
527 411
528 90
528 78
529 881
531 941
532 198
532 818
533 360
537 726
537 744
538 198
539 634
541 598
542 550
543 530
544 930
545 463
545 576
546 413
547 853
547 882
548 563
549 330
551 736
552 575
553 549
556 157
557 814
558 381
559 187
561 615
562 73
564 491
564 299
565 403
565 547
566 635
567 746
567 573
569 847
570 617
571 438
572 84
576 362
577 894
577 370
580 390
580 765
582 72
582 470
587 553
588 260
589 671
590 372
591 311
591 955
592 397
592 645
593 651
593 88
594 940
596 672
596 603
597 936
599 112
600 575
601 374
604 151
606 610
607 285
607 809
608 797
608 65
611 3
611 446
612 580
616 748
618 533
618 334
620 380
623 136
623 483
624 222
625 801
626 490
626 648
629 299
630 918
630 892
632 90
632 942
633 420
636 570
636 530
639 43
639 92
640 358
641 899
642 338
647 243
648 412
649 844
651 307
652 728
652 707
654 451
654 146
655 462
656 824
657 639
657 490
658 395
658 949
659 608
660 499
661 49
662 700
662 605
663 162
663 589
665 959
666 924
667 952
668 588
670 227
671 557
673 427
674 949
675 797
677 124
678 530
680 823
682 116
683 432
683 580
684 695
685 154
685 227
686 289
687 347
687 909
688 329
689 708
689 383
690 237
691 590
692 615
695 93
696 458
697 624
698 777
699 150
699 259
700 852
701 604
701 767
702 808
702 155
704 163
706 801
707 702
709 240
710 121
710 374
711 569
712 13
712 228
719 534
720 167
720 671
721 182
722 567
723 555
723 554
725 470
730 409
732 967
733 924
734 182
734 735
737 186
738 985
740 696
740 788
741 893
741 114
742 614
743 438
745 629
745 201
747 228
747 288
750 11
750 437
752 773
752 593
754 851
755 604
756 500
756 859
757 11
761 242
762 898
762 937
763 888
763 287
764 157
766 51
766 279
769 397
769 654
771 903
772 937
774 731
774 547
775 378
776 516
776 400
778 432
779 514
779 564
780 788
780 284
781 153
783 693
784 568
784 809
785 654
787 282
787 49
789 96
790 967
793 103
793 450
794 436
795 928
796 593
798 421
798 954
800 105
800 675
803 618
804 926
804 518
805 591
807 690
807 8
808 894
810 27
811 269
813 874
816 130
820 835
820 79
821 278
821 676
822 638
823 719
825 536
826 803
827 22
828 743
830 332
830 831
832 348
832 683
833 900
833 527
835 170
836 520
838 253
839 984
839 957
840 773
841 292
842 158
845 930
845 931
846 180
847 255
848 657
848 35
849 815
852 42
854 432
856 27
857 999
857 377
858 924
861 97
862 794
863 341
864 498
864 842
867 813
867 983
868 805
869 859
870 462
872 63
873 218
875 942
875 257
876 709
877 522
878 475
880 653
880 613
882 52
883 850
884 736
886 374
887 596
889 470
889 712
891 976
891 971
897 402
897 309
898 984
902 199
902 693
905 788
905 26
906 795
906 818
907 175
907 496
908 304
909 634
911 969
912 295
912 459
915 287
915 964
916 675
917 453
920 750
921 646
921 627
923 998
923 216
925 998
925 22
929 410
929 710
932 52
932 541
933 159
933 226
935 221
938 37
939 724
943 228
943 533
944 135
945 532
946 474
947 471
947 526
948 437
950 915
950 793
951 847
956 533
958 498
960 696
960 538
963 830
963 876
964 652
966 360
966 697
968 331
968 902
970 291
970 622
973 468
973 910
974 214
974 234
975 515
975 375
976 615
979 69
979 111
980 250
980 392
981 488
981 575
982 734
986 900
987 771
987 914
988 992
988 143
992 858
993 541
993 499
995 790
995 660
996 379
996 183
999 455
120 857
821 652
546 232
270 722
426 196
458 32
459 265
367 325
711 974
132 133
286 622
174 919
280 713
55 234
24 909
469 702
0 773
505 673
806 393
385 113
636 386
62 134
959 168
467 488
949 127
274 778
69 128
993 745
242 970
546 795
32 410
156 875
155 988
238 606
186 13
975 559
95 254
320 24
351 597
762 986
471 419
706 671
847 444
813 469
69 360
209 799
406 696
319 98
588 660
698 375
9 115
611 545
964 448
369 286
222 922
794 340
932 108
348 901
62 995
997 433
994 239
654 632
233 834
618 265
455 659
24 609
436 303
332 164
270 777
945 839
295 347
337 639
495 637
631 276
743 919
347 606
471 243
489 963
574 362
232 192
444 222
635 354
237 488
161 807
630 25
959 717
313 969
203 395
982 631
850 329
32 305
972 940
250 433
427 437
729 684
65 936
923 650
402 221
794 582
956 875
555 446
919 275
837 730
444 43
888 19
831 659
817 512
43 797
121 734
718 137
496 717
907 179
67 378
170 214
7 887
410 321
15 66
406 985
71 369
213 46
13 150
316 569
263 392
208 626
565 258
670 815
298 736
706 495
543 52
329 290
165 10
670 482
212 528
848 943
483 873
796 784
692 736
256 980
197 34
67 376
158 73
47 39
602 217
563 691
739 872
957 14
109 893
399 147
101 775
801 269
503 463
157 306
299 423
81 246
232 926
558 345
16 854
469 453
476 978
873 758
224 603
725 906
933 171
260 778
133 640
384 284
55 355
509 114
428 639
686 791
987 779
5 945
942 759
796 451
607 589
284 125
470 506
409 672
712 307
398 249
530 70
243 460
871 443
182 631
972 218
911 594
914 266
197 976
690 656
122 26
770 5
835 557
896 786
579 634
692 438
676 557
336 185
791 648
803 419
692 595
715 46
193 100
460 750
146 5
495 503
975 450
840 234
265 412
481 219
596 794
474 26
491 737
138 62
565 980
642 153
903 667
950 836
683 393
52 858
828 534
524 750
64 266
729 109
531 385
158 647
476 166
278 605
947 322
567 777
674 101
494 421
124 946
846 357
95 790
687 447
742 728
691 846
45 214
964 37
431 612
601 423
906 55
437 659
695 673
84 997
207 319
673 136
603 752
561 153
486 288
192 53
299 430
422 204
155 924
349 433
324 614
655 971
753 15
942 933
417 372
768 950
343 797
720 913
431 226
132 83
709 786
267 557
840 506
137 960
496 849
472 315
352 564
885 617
995 596
131 424
975 534
78 632
343 440
644 479
196 943
425 117
521 392
411 235
918 628
266 603
20 486
317 182
345 659
254 698
7 558
686 250
213 535
455 244
589 867
822 44
788 117
732 306
421 789
409 809
852 722
364 757
162 623
849 244
395 876
478 510
253 897
338 7
784 808
204 694
946 397
810 832
358 570
18 370
973 990
236 424
2 956
994 976
748 427
646 795
518 252
346 398
903 426
196 329
998 301
581 465
961 43
227 575
381 973
647 246
320 387
625 254
819 305
364 928
761 39
335 147
467 230
999 482
472 78
107 679
915 719
267 968
338 772
862 776
301 565
567 448
844 966
687 357
619 348
860 666
949 150
853 302
473 564
960 692
147 828
319 258
84 177
445 44
193 171
578 603
963 25
611 597
485 857
588 823
908 185
835 558
436 272
524 654
473 827
441 60
311 366
977 589
857 909
144 812
918 131
963 123
210 815
122 703
264 885
935 597
420 825
595 285
598 951
293 763
243 517
671 145
600 890
116 371
728 187
5 977
490 758
108 853
803 202
204 76
132 209
770 509
99 428
328 771
726 563
885 961
931 380
390 235
62 31
811 373
319 369
719 140
255 416
847 814
348 91
203 95
373 631
655 581
948 587
417 731
160 286
554 704
499 671
153 418
229 692
433 378
423 562
796 987
39 551
959 130
103 282
612 73
588 26
193 235
774 528
844 141
300 625
661 161
801 36
334 453
393 521
234 173
553 807
125 594
811 750
976 660
409 88
330 660
103 226
981 219
26 349
216 760
454 793
244 813
554 270
480 524
559 79
808 697
471 555
680 422
933 675
782 945
737 160
426 654
628 768
954 682
421 959
166 818
431 354
249 764
461 105
494 212
917 759
698 392
633 229
999 668
263 236
529 569
752 723
186 561
467 284
207 997
432 175
885 909
657 680
956 16
512 438
722 20
773 127
917 569
634 850
529 977
151 300
397 531
186 118
221 247
609 53
6 92
610 387
243 475
488 788
692 141
779 654
978 542
341 411
342 341
462 289
766 439
338 222
945 912
428 327
788 352
812 87
750 46
821 765
147 0
865 942
173 509
325 451
367 822
281 990
260 457
132 182
636 75
122 849
823 437
550 96
726 613
654 330
813 667
855 785
361 532
479 988
34 999
999 388
349 441
871 315
800 802
246 231
430 651
796 113
815 43
443 353
346 926
616 160
898 242
829 176
841 883
47 534
682 202
520 560
175 881
101 514
837 936
237 225
206 506
173 254
938 977
796 542
896 720
133 819
69 161
633 421
165 437
183 342
574 669
378 648
756 552
155 494
497 655
716 813
983 493
810 132
634 544
751 901
268 420
4 643
852 8
926 540
956 14
751 275
791 206
700 338
465 924
689 599
924 593
954 705
601 965
763 872
903 147
996 697
805 908
622 227
167 558
404 889
737 5
527 894
810 321
411 907
249 484
720 351
849 557
184 173
492 553
969 338
155 780
452 649
233 669
275 735
258 368
174 347
242 404
981 316
469 121
367 304
446 307
559 82
125 764
785 188
356 525
39 593
722 420
772 728
987 504
713 410
829 762
495 557
737 678
485 243
867 587
230 482
455 714
729 925
949 167
86 768
955 730
870 236
553 906
755 951
882 116
288 818
933 178
618 259
339 140
785 936
809 158
838 872
95 984
381 203
280 320
22 531
952 394
948 803
843 742
146 642
414 751
720 694
36 976
818 310
949 217
488 476
88 200
194 318
750 218
769 939
769 877
915 23
182 829
865 226
491 993
11 254
484 164
10 774
238 817
390 140
807 22
710 893
145 869
519 821
918 382
618 154
299 852
263 297
255 226
351 141
353 561
176 725
36 426
895 969
985 5
130 25
846 494
967 188
402 907
228 65
232 994
268 512
98 366
172 946
180 11
150 27
850 446
66 571
745 872
302 301
631 534
160 372
989 890
28 3
427 967
223 465
733 65
877 664
792 235
278 814
900 363
705 221
348 968
231 922
659 293
694 641
69 604
556 294
804 475
601 988
525 232
137 284
68 815
9 647
563 570
782 275
56 944
652 552
835 753
993 885
30 533
986 471
111 521
171 420
627 217
690 643
119 213
399 938
819 875
244 493
522 407
214 880
7 76
551 231
507 981
236 466
151 227
129 501
471 182
358 594
449 75
954 13
676 254
122 249
461 882
941 655
700 29
287 949
935 401
423 753
321 479
577 188
926 841
389 4
708 749
404 811
10 326
657 4
22 400
648 62
146 680
668 211
85 161
112 919
657 711
763 445
648 834
99 524
118 806
29 630
449 804
96 519
13 271
303 42
11 405
75 106
869 319
426 697
208 530
342 18
402 472
102 457
657 740
570 752
515 358
789 479
457 597
111 388
865 788
487 915
68 147
41 631
385 276
669 19
299 730
136 777
353 783
336 107
830 919
149 18
925 51
776 90
652 919
347 305
633 636
921 931
114 7
593 121
768 669
182 745
534 115
376 652
675 134
378 178
915 631
528 664
650 248
364 718
150 441
903 880
661 459
628 681
857 659
159 295
651 872
409 96
917 410
10 376
354 289
787 894
24 253
405 643
431 398
986 107
760 621
907 861
544 327
52 466
292 998
131 683
713 382
951 842
675 778
992 679
894 997
834 776
110 418
783 156
804 679
583 371
391 532
304 264
594 361
965 835
529 610
280 520
657 258
476 767
54 751
770 125
121 340
194 418
109 195
51 49
487 986
347 832
171 175
575 538
198 405
509 484
650 945
62 884
256 417
17 361
614 293
978 444
765 387
830 576
381 265
192 98
488 44
589 425
270 824
164 110
102 126
506 593
712 272
462 792
603 482
15 492
171 508
889 730
787 974
223 151
212 142
839 683
997 130
737 180
882 265
127 350
851 368
323 828
354 367
748 767
992 233
782 213
309 370
722 232
61 98
853 764
751 695
124 306
452 918
454 496
929 727
843 785
431 705
340 894
555 639
205 414
322 834
101 598
914 915
638 757
47 321
637 54
461 87
627 936
249 103
505 162
142 297
7 733
73 765
911 294
913 928
743 72
419 262
854 706
769 492
47 491
263 320
645 829
378 13
747 409
698 822
543 581
586 876
408 616
340 968
94 255
936 283
782 816
420 963
239 378
188 258
761 38
164 243
591 110
493 334
301 408
888 657
570 275
575 16
277 172
700 620
348 1
401 311
25 212
417 412
940 873
644 127
320 159
533 290
298 429
621 524
163 720
732 986
975 561
369 636
616 883
115 423
77 820
841 974
562 153
422 965
719 751
589 582
884 49
850 706
324 732
706 810
651 427
598 608
185 182
231 623
668 740
376 138
357 543
907 269
880 696
250 505
473 244
964 704
542 478
550 845
833 592
46 765
600 245
186 166
480 495
223 259
390 443
910 555
812 849
518 211
89 685
273 859
467 421
592 439
170 464
359 568
953 771
850 745
950 945
661 106
989 107
200 150
980 704
860 710
973 800
149 404
614 853
135 838
419 310
658 501
268 630
936 626
743 12
389 187
693 918
193 176
124 631
700 278
730 738
363 182
36 169
600 93
883 768
944 267
952 310
151 23
477 392
799 43
3 382
24 830
627 266
386 769
998 550
364 523
229 488
301 681
618 316
235 135
383 10
990 52
32 918
586 608
495 355
433 815
497 127
676 746
53 734
662 33
335 389
11 376
236 438
734 559
530 799
252 989
878 532
433 517
67 181
732 532
39 778
632 532
965 697
584 533
194 285
983 291
769 552
290 121
445 328
533 291
271 840
798 579
433 733
218 263
256 976
446 649
894 977
707 520
175 722
137 55
437 473
285 624
12 795
828 793
113 835
548 737
561 346
917 908
725 748
493 536
475 467
193 660
498 91
920 52
843 838
811 226
907 162
67 452
982 395
420 385
138 315
773 90
661 807
169 607
323 19
328 991
734 144
418 741
207 533
221 235
304 237
294 794
945 678
685 388
817 777
176 134
970 952
992 167
886 333
789 977
363 234
500 822
173 817
80 253
744 523
208 655
772 443
7 402
479 215
218 790
357 954
33 565
439 626
375 346
178 864
578 172
938 595
388 450
373 961
593 235
381 438
503 77
907 484
686 513
157 558
982 203
875 635
929 756
909 35
957 478
81 301
722 501
703 33
845 86
223 637
559 176
77 786
171 422
391 810
677 417
484 339
149 605
167 693
772 758
412 204
669 720
538 860
76 35
197 952
75 908
807 99
390 453
894 473
905 390
829 403
738 830
977 961
748 694
237 595
37 720
334 297
660 844
746 51
364 559
243 63
795 599
50 865
320 750
523 883
871 528
942 963
733 91
58 672
747 248
238 543
501 997
445 136
270 834
165 703
936 245
756 411
508 695
389 84
407 258
574 35
659 397
953 615
663 798
294 7
817 887
937 884
322 653
352 532
563 703
803 963
793 240
634 69
879 606
663 833
655 326
393 676
308 915
647 693
572 490
574 181
448 498
167 514
651 391
127 360
327 95
196 637
290 524
561 525
630 666
711 659
627 504
201 282
89 218
912 73
690 621
434 486
671 170
207 181
945 456
275 763
392 164
226 376
566 910
497 826
596 495
520 448
700 760
709 263
896 702
900 641
246 328
680 155
8 370
989 207
696 578
873 658
223 884
19 886
328 73
233 136
110 290
576 629
95 296
67 843
350 976
263 311
101 574
459 324
376 629
208 905
24 265
660 371
119 364
573 929
43 243
420 440
606 944
859 429
636 544
296 19
320 363
342 202
299 711
604 997
518 405
837 821
537 989
519 721
437 490
134 622
158 734
124 446
484 82
126 272
82 915
680 653
845 278
907 307
717 460
782 270
133 216
719 224
1 757
77 24
692 661
205 868
1 58
778 788
540 246
100 309
979 298
462 725
446 727
989 307
849 880
603 551
128 946
313 447
985 398
189 893
993 357
937 709
688 747
71 34
712 219
492 883
68 318
364 562
805 433
399 668
235 970
961 477
961 434
938 324
799 348
450 494
23 951
411 609
604 240
249 864
387 579
755 569
850 362
608 778
326 360
689 66
15 485
66 954
896 574
335 203
970 150
122 28
347 812
764 414
539 195
55 505
161 338
721 188
476 926
614 438
406 756
24 518
311 652
668 88
372 412
606 447
887 885
904 819
671 849
950 29
732 779
551 113
408 321
966 554
467 889
225 925
472 172
46 189
830 337
559 862
124 994
377 882
899 105
823 443
205 507
625 431
904 745
324 751
874 777
598 138
977 652
824 770
191 718
927 581
28 784
490 583
120 766
659 792
20 271
203 455
786 200
889 414
23 531
648 196
985 101
466 500
384 640
636 92
970 621
146 308
764 220
412 398
845 66
639 751
101 517
952 754
736 154
403 109
621 935
958 319
705 202
126 930
241 24
870 24
460 309
339 855
369 839
337 940
778 782
187 375
240 703
2 695
863 832
588 460
985 965
448 196
151 145
28 687
991 466
516 784
565 455
327 514
313 815
273 17
420 966
869 559
740 157
71 709
856 77
473 304
463 577
445 276
999 309
183 610
652 481
385 856
235 783
170 773
159 752
442 385
21 198
204 432
