0 32
1 8
2 20
3 31
4 50
4 30
5 6
7 32
7 42
8 57
9 35
10 41
10 37
11 35
12 1
12 6
13 32
14 47
15 48
16 50
16 32
17 41
17 1
18 57
18 16
19 21
22 14
22 20
23 41
23 35
24 57
25 59
25 38
26 45
27 25
27 21
28 12
28 59
29 8
30 49
33 48
33 36
34 7
34 22
37 8
39 23
39 38
40 41
42 28
43 57
43 47
44 24
46 9
49 10
51 59
52 7
52 45
53 48
54 53
55 23
55 50
56 36
58 31
58 18
57 2
46 33
46 26
22 3
40 52
26 37
23 48
16 22
15 14
47 9
4 37
7 23
45 41
26 52
16 53
3 14
50 32
30 55
4 25
16 48
50 25
14 26
0 6
46 31
15 58
54 24
17 2
0 9
9 50
44 45
44 5
17 4
20 53
2 47
20 17
33 38
14 55
25 51
30 26
16 2
55 1
1 32
50 3
58 29
11 3
56 23
58 26
42 51
18 43
45 5
26 56
27 40
46 6
47 45
31 54
38 53
37 49
24 46
51 39
16 13
29 11
26 4
28 32
54 9
41 26
14 25
43 37
17 16
3 18
14 24
34 15
17 24
24 28
47 30
11 23
1 19
47 1
12 53
12 58
17 6
57 7
1 22
12 41
45 15
48 25
