0 61
1 64
1 104
2 139
3 104
4 57
5 78
6 66
6 59
7 65
8 2
9 25
9 86
10 115
10 48
11 74
11 2
12 20
12 95
13 5
14 86
15 16
15 36
16 46
17 69
17 73
18 7
18 66
19 108
20 110
21 146
21 12
22 60
23 22
23 30
24 70
25 29
26 110
26 107
27 71
27 15
28 74
31 149
32 8
32 62
33 102
33 5
34 97
35 43
35 40
37 79
37 140
38 85
39 2
40 70
41 137
41 145
42 138
43 97
44 31
45 126
45 9
46 117
47 132
47 139
49 24
50 81
51 9
51 70
52 94
52 128
53 45
53 23
54 137
55 57
56 25
58 90
60 13
62 52
63 120
64 56
65 39
67 5
67 59
68 10
71 20
72 147
75 65
76 129
77 105
77 57
80 20
81 110
82 52
83 124
83 4
84 45
84 27
85 96
87 115
88 114
89 46
91 138
91 119
92 124
92 61
93 104
98 71
98 28
99 27
100 86
100 65
101 122
101 128
102 123
103 24
106 127
109 105
111 108
111 141
112 140
112 32
113 13
114 80
116 5
117 68
118 7
118 86
121 145
125 45
129 105
130 18
131 60
131 70
132 50
133 70
134 41
135 12
135 50
136 37
141 80
142 136
142 119
143 73
144 28
148 143
7 130
91 122
121 26
137 80
51 24
80 11
126 108
54 100
51 11
14 109
19 36
5 1
125 44
114 42
145 20
64 79
26 133
16 8
133 98
110 117
89 92
137 111
121 43
71 41
12 139
81 143
138 36
56 98
57 107
2 52
134 102
55 2
12 10
45 96
148 54
141 17
55 51
136 94
105 126
74 115
39 81
141 67
8 33
57 42
126 88
67 66
68 40
106 38
101 136
103 132
87 72
99 29
95 82
41 115
41 8
2 44
104 13
45 30
4 58
25 94
67 81
63 133
121 123
60 89
103 102
101 137
139 57
59 106
99 89
1 12
35 102
91 48
3 15
56 10
132 11
144 48
81 134
129 78
123 70
82 124
78 24
53 17
131 85
100 13
57 104
22 144
26 6
39 108
44 97
106 119
119 17
63 147
30 52
84 108
33 13
87 8
116 80
92 22
84 102
127 58
54 59
94 112
12 43
122 120
71 140
56 78
138 43
137 75
89 31
129 133
4 67
103 22
73 49
26 115
146 89
76 46
95 96
27 62
76 98
17 118
24 32
100 4
40 149
79 55
9 85
3 57
90 23
103 140
51 83
85 15
138 8
128 65
126 131
70 126
137 59
84 116
113 19
70 25
39 73
28 78
7 122
86 3
133 25
20 10
44 119
39 62
13 84
59 38
93 94
109 117
57 24
42 3
90 59
67 144
9 43
13 144
131 91
50 108
0 9
115 5
15 21
66 77
149 53
6 121
101 30
113 50
47 11
38 118
80 124
137 23
55 117
23 145
69 60
53 16
118 40
76 125
120 31
47 24
74 98
28 51
106 63
105 119
63 97
49 131
8 109
16 77
12 113
56 122
106 13
104 7
105 33
122 127
81 136
69 38
149 78
98 35
45 11
6 71
141 31
56 146
21 96
134 74
75 56
61 91
68 39
93 52
142 141
34 87
74 143
81 106
2 10
129 143
27 59
68 43
1 106
41 36
84 136
108 134
30 17
116 68
47 111
107 137
102 68
115 8
90 112
39 146
104 46
37 127
139 30
38 87
