0 53
0 67
1 47
1 24
2 77
3 26
3 54
4 61
4 79
5 91
5 97
6 93
6 15
7 87
8 44
8 60
9 77
9 84
10 73
10 33
11 38
12 97
13 11
14 74
14 8
15 37
16 92
16 31
17 29
17 60
18 54
19 92
19 86
20 78
20 96
21 34
22 83
23 66
23 25
24 81
26 95
27 71
27 12
28 90
29 95
30 95
31 63
32 25
32 91
33 44
35 21
35 22
36 3
37 96
39 12
39 0
40 79
40 51
41 42
42 92
43 59
45 64
45 41
46 32
46 50
48 25
49 29
49 54
50 1
51 17
52 45
53 87
55 99
56 46
56 40
57 76
57 6
58 84
62 67
63 80
65 57
65 48
66 93
68 70
68 61
69 0
70 44
72 32
72 39
74 86
75 26
78 54
81 73
82 67
82 95
83 76
85 0
85 4
88 29
89 70
89 15
94 51
98 53
98 69
70 63
85 28
2 9
76 89
8 33
14 81
94 5
9 70
42 19
88 7
23 55
69 79
43 85
71 3
34 95
92 3
25 40
73 72
83 9
11 89
52 20
15 97
41 99
99 96
73 75
3 79
56 19
2 41
13 80
44 82
99 56
33 65
17 15
38 99
22 99
19 47
79 39
27 33
68 25
83 25
24 18
40 68
0 9
22 64
47 94
84 89
84 2
93 32
64 66
97 88
51 72
84 24
76 91
39 24
19 95
8 30
54 97
72 67
76 58
17 63
22 54
45 5
24 14
64 0
46 99
78 29
91 52
79 90
96 80
87 98
98 39
99 9
84 3
28 57
7 35
84 48
0 65
10 31
57 31
49 66
95 67
60 36
87 80
92 74
35 16
86 13
0 71
66 2
21 2
52 96
98 3
60 31
99 29
73 79
90 84
95 24
23 45
6 26
0 20
9 8
46 22
47 15
21 80
55 98
34 86
31 45
35 6
6 9
68 2
25 7
64 82
5 64
82 33
79 97
75 13
11 51
37 10
94 31
35 66
79 60
99 51
61 41
82 36
88 52
11 45
88 6
93 72
93 92
93 15
15 79
13 66
44 43
33 46
77 10
81 11
