0 36
0 101
1 120
1 123
2 100
2 145
3 41
3 226
4 125
4 202
5 198
5 64
6 65
6 145
7 245
8 82
8 167
9 160
9 248
10 132
11 199
12 216
12 73
13 210
13 190
14 21
15 112
16 138
16 70
17 240
17 164
18 54
18 123
19 199
20 43
21 197
22 204
22 191
23 115
23 139
24 43
25 185
25 141
26 129
27 213
28 95
29 142
30 235
31 247
32 131
33 23
34 212
34 131
35 96
35 115
36 199
37 142
37 36
38 175
39 215
40 244
41 94
42 122
44 17
45 119
45 43
46 231
47 225
48 145
48 179
49 90
49 150
50 74
50 184
51 192
52 245
53 172
55 114
56 81
56 44
57 113
57 194
58 21
58 41
59 226
60 10
60 130
61 246
61 84
62 155
62 221
63 32
64 191
66 179
66 204
67 119
68 213
68 122
69 234
69 181
71 83
71 55
72 226
72 22
74 75
76 28
76 24
77 169
78 22
78 75
79 97
80 120
80 92
82 4
83 174
84 238
85 45
86 149
86 4
87 245
88 187
89 45
89 154
90 235
91 37
93 140
93 136
94 75
95 96
98 226
99 47
101 103
102 22
103 83
104 100
105 112
105 92
106 40
107 92
107 59
108 127
108 134
109 154
109 223
110 159
110 99
111 22
116 66
116 103
117 140
118 77
121 63
121 11
124 197
125 213
126 220
126 28
128 194
128 55
132 61
133 173
134 115
135 85
135 74
136 249
137 45
137 225
138 227
139 42
141 129
143 112
144 45
146 0
146 225
147 203
148 27
148 137
151 86
151 162
152 199
153 143
156 39
157 124
158 193
158 55
161 200
163 122
164 214
165 76
166 183
168 66
168 25
170 187
171 142
175 168
176 37
177 145
177 146
178 95
178 97
180 158
180 121
181 138
182 38
185 88
186 111
186 215
188 24
189 79
192 90
195 167
195 185
196 232
196 115
200 19
201 153
201 91
202 142
203 12
205 52
206 36
206 84
207 122
207 246
208 32
209 40
210 14
211 95
211 118
217 157
217 237
218 161
219 0
219 132
221 30
222 215
222 235
224 116
228 94
229 176
229 39
230 126
232 19
233 179
233 138
234 228
236 185
237 128
239 125
239 55
241 16
242 0
243 194
243 38
244 31
249 83
69 247
166 80
225 62
131 41
43 78
150 52
129 159
172 44
35 55
90 197
116 114
206 132
174 203
214 1
201 215
59 62
34 210
159 179
147 137
246 35
108 149
99 157
49 170
237 215
86 155
32 245
9 29
119 244
132 67
94 137
80 217
128 195
73 123
175 47
161 31
122 240
224 14
184 47
65 167
65 23
201 48
90 156
58 200
207 227
140 238
22 82
130 243
144 29
80 218
73 48
137 4
199 208
197 189
201 84
159 117
7 227
190 91
174 45
73 128
99 230
216 81
9 189
31 38
86 199
142 120
145 63
82 229
244 230
105 31
153 148
91 206
119 122
196 199
103 217
143 187
69 183
58 71
36 82
0 105
225 183
193 105
148 192
53 201
198 62
153 176
31 219
206 175
88 21
113 155
134 124
174 205
38 36
155 213
45 167
53 103
173 239
126 235
30 111
157 43
16 67
155 50
219 20
78 237
159 50
239 45
187 53
144 226
210 27
92 201
78 128
79 234
38 116
238 111
98 151
205 134
236 225
54 173
116 214
75 37
194 118
189 18
240 95
9 225
65 64
117 10
110 8
19 83
10 216
32 14
151 164
16 239
19 222
22 230
196 105
151 2
176 100
119 163
9 56
192 199
150 117
10 18
89 121
186 174
166 38
129 17
139 61
227 193
113 150
55 30
133 55
221 24
74 22
150 115
133 188
224 1
51 135
141 238
153 145
228 44
51 11
195 175
155 249
152 3
30 131
2 149
213 236
225 96
83 101
193 209
79 105
222 49
233 141
90 38
44 157
187 217
102 29
31 217
175 110
242 11
216 26
30 13
130 89
83 40
27 218
126 246
36 120
115 248
110 228
36 141
103 162
215 9
79 199
153 157
134 232
198 70
199 10
225 86
217 186
229 192
162 30
152 120
45 39
247 226
249 41
143 32
71 142
237 154
29 28
233 125
44 100
150 22
242 39
111 192
41 153
135 98
235 173
64 70
194 6
156 243
226 215
136 195
188 28
211 215
203 82
15 33
128 32
111 32
60 187
233 159
54 49
168 196
6 43
136 45
238 12
30 216
232 104
248 69
80 214
87 220
56 247
233 193
134 244
140 98
63 176
219 171
13 53
167 128
125 199
50 227
133 37
204 6
46 166
73 16
54 233
71 244
156 176
37 8
137 192
199 24
131 24
227 214
79 9
180 90
15 111
190 232
73 108
68 125
137 96
225 209
183 224
79 175
188 155
11 162
149 57
2 45
201 46
153 130
175 188
58 130
40 15
126 170
13 243
113 14
129 82
197 205
230 55
166 163
1 210
60 160
75 169
167 188
138 109
70 114
212 229
238 51
70 145
226 15
9 102
172 60
197 120
179 103
6 10
220 69
156 62
125 10
175 240
221 98
1 66
185 213
127 118
60 90
136 17
111 40
26 227
245 221
194 166
25 7
46 211
54 53
145 170
186 170
24 193
188 118
11 143
167 145
82 206
40 18
136 81
22 221
176 140
140 22
76 91
240 27
14 79
8 107
124 32
202 162
76 71
224 92
106 78
232 44
186 188
68 64
45 110
47 92
141 93
144 104
80 167
130 109
126 134
123 92
191 196
214 74
118 231
196 19
225 136
178 142
193 67
121 110
55 32
123 37
178 27
34 163
167 162
61 91
162 95
149 76
15 207
134 194
187 154
179 203
174 69
