0 343
1 255
1 164
2 245
3 51
3 350
4 408
4 499
5 497
5 212
6 351
7 179
8 338
8 183
9 216
10 353
11 339
12 398
12 124
13 262
13 145
14 184
15 108
15 490
16 432
17 140
17 44
18 86
19 317
20 425
20 35
21 123
21 41
22 70
22 55
23 364
23 123
24 429
24 15
25 12
26 305
26 317
27 344
27 131
28 385
28 102
29 466
29 417
30 476
30 125
31 339
31 250
32 262
33 407
33 278
34 432
35 289
36 405
37 203
38 170
38 379
39 433
40 83
40 275
41 483
42 97
43 443
43 126
45 26
45 356
46 205
47 388
48 454
49 374
50 268
50 237
52 242
52 156
53 425
53 478
54 308
56 137
57 242
58 476
59 26
59 86
60 233
60 17
61 248
62 451
63 460
64 243
65 166
66 94
66 464
67 182
67 205
68 262
68 290
69 188
70 399
71 106
72 245
72 187
73 193
73 428
74 169
75 316
76 451
76 44
77 256
77 480
78 375
78 220
79 48
79 166
80 482
80 308
81 9
81 108
82 45
82 193
84 350
84 220
85 121
87 458
88 374
89 90
89 403
90 321
91 229
92 48
92 326
93 73
93 341
95 43
95 335
96 415
97 264
98 215
98 281
99 316
100 83
100 182
101 483
101 118
103 119
104 1
104 60
105 270
105 448
107 156
107 19
109 351
110 15
111 88
112 354
112 396
113 43
114 300
115 136
116 365
116 16
117 103
120 350
120 339
121 396
122 493
125 240
127 241
128 375
129 56
129 232
130 69
132 371
132 233
133 334
133 447
134 201
134 298
135 186
136 241
138 441
138 80
139 385
139 320
141 489
142 164
143 22
143 99
144 464
144 298
146 70
147 175
147 323
148 296
149 447
149 259
150 165
150 317
151 367
152 430
152 264
153 186
154 319
155 160
157 244
157 10
158 161
159 39
159 150
161 211
162 300
162 423
163 5
165 102
167 54
167 431
168 375
170 132
171 487
171 268
172 268
172 32
173 52
173 59
174 132
174 163
176 288
176 131
177 442
178 375
178 62
179 425
180 456
181 273
181 444
183 200
184 1
185 208
188 457
189 110
190 429
190 313
191 396
192 298
194 95
195 402
195 30
196 99
196 255
197 94
198 144
199 304
199 58
201 143
202 91
202 280
204 162
206 446
207 216
207 430
209 451
210 318
210 111
212 331
213 122
214 366
214 458
217 98
218 33
219 384
219 428
221 178
222 418
223 375
223 7
224 169
225 314
226 320
227 84
228 372
229 457
230 38
230 355
231 294
232 473
234 14
235 52
235 443
236 265
236 364
237 166
238 157
239 18
246 213
246 354
247 459
248 140
249 60
249 224
251 177
252 345
252 313
253 136
253 147
254 22
257 467
257 176
258 190
259 413
260 106
260 119
261 130
263 104
263 164
265 130
266 40
267 305
269 58
270 482
271 394
272 338
272 295
273 39
274 1
276 290
276 204
277 495
277 160
279 145
279 297
281 406
282 499
283 10
283 309
284 141
285 438
286 11
287 293
289 363
291 1
292 384
293 420
295 305
296 392
299 33
301 427
302 379
302 259
303 60
303 182
304 393
306 411
307 114
307 353
310 151
311 416
311 84
312 351
314 49
315 235
319 315
321 39
322 417
324 204
325 358
325 472
327 53
327 230
328 203
329 407
330 121
332 339
333 428
336 82
336 322
337 129
340 267
340 10
341 345
342 267
342 290
344 388
346 224
347 57
347 56
348 293
349 138
349 459
352 340
352 57
355 411
356 5
357 465
359 101
360 332
361 22
361 392
362 446
366 170
368 499
368 15
369 238
369 272
370 39
370 84
373 306
373 87
376 260
377 41
378 496
380 295
380 239
381 246
382 483
382 50
383 275
383 311
386 430
386 175
387 422
389 163
390 468
391 441
393 342
395 61
395 247
397 18
397 120
398 280
399 338
400 160
401 421
403 215
404 58
406 112
409 105
410 236
412 204
414 272
414 156
415 192
416 303
418 471
419 3
421 89
423 387
424 139
426 382
434 161
434 441
435 194
435 362
436 352
436 142
437 241
437 237
439 154
439 135
440 422
440 40
442 403
444 306
445 250
445 231
448 364
449 68
450 232
450 486
452 376
453 180
453 337
455 234
455 206
456 496
460 451
461 354
462 65
463 126
466 365
468 2
469 298
469 470
471 61
473 84
474 64
475 115
475 48
477 37
477 470
478 130
479 393
479 237
481 276
484 11
484 177
485 265
488 46
488 250
489 220
490 256
491 170
491 273
492 282
494 69
494 166
497 318
498 358
263 180
329 343
345 133
79 266
185 32
76 202
163 453
440 193
400 423
301 62
204 16
279 68
249 318
333 386
113 157
226 18
458 200
18 80
174 276
353 185
63 117
449 261
242 163
417 157
441 78
232 300
131 495
465 64
343 29
187 170
69 470
499 15
368 290
490 255
480 324
268 250
87 389
248 286
113 491
425 348
307 6
399 248
42 391
485 355
291 244
328 276
243 299
166 193
90 78
288 132
340 479
242 322
114 356
357 407
274 200
477 410
465 31
272 355
2 50
353 156
282 273
68 403
129 206
319 93
18 145
97 14
89 419
287 166
238 139
137 439
10 276
237 28
180 159
175 88
292 51
274 295
437 234
469 467
341 83
465 397
103 30
128 94
134 351
419 298
163 41
36 274
354 328
266 485
428 292
203 79
58 20
414 211
82 248
320 217
292 47
112 132
174 446
38 212
160 65
86 350
223 388
148 308
236 169
280 394
306 57
14 358
400 84
271 116
196 102
251 1
498 59
380 265
238 257
349 318
62 447
467 398
223 379
383 211
25 456
192 470
447 460
38 54
436 427
471 486
431 63
85 477
235 74
144 389
393 341
123 321
103 404
478 131
226 381
455 177
128 101
57 435
393 23
270 283
476 399
363 60
82 290
152 494
28 154
394 364
88 371
51 333
25 109
385 462
182 379
463 228
24 1
468 454
187 492
313 27
98 370
71 34
332 238
6 480
173 250
111 405
171 174
122 88
387 7
312 63
285 457
475 112
224 149
488 203
419 203
320 387
143 137
105 235
136 234
447 141
436 114
278 357
63 454
391 457
424 440
432 336
279 463
433 0
92 189
26 477
81 429
80 411
124 39
397 264
466 352
321 172
284 321
179 403
463 181
267 491
435 205
368 401
479 162
187 142
58 94
145 240
206 163
277 373
223 153
455 52
64 257
110 475
451 238
135 267
232 59
23 415
262 480
301 284
392 105
144 15
174 153
39 96
42 454
149 8
95 144
60 368
420 94
238 119
229 327
230 283
228 420
8 65
129 367
443 185
41 274
28 498
27 12
154 400
220 204
401 418
210 91
195 80
381 16
368 153
25 129
132 62
254 149
127 157
104 238
95 320
326 252
11 138
120 73
159 480
259 438
478 314
202 344
422 307
288 38
160 305
265 10
432 30
28 431
97 199
302 4
199 108
174 14
157 254
145 404
5 54
188 262
357 140
299 24
142 437
216 17
190 197
36 304
32 384
470 177
377 196
250 220
382 170
154 126
402 331
395 6
458 496
355 371
243 432
72 226
129 291
26 37
485 58
264 440
219 314
346 14
59 396
149 56
293 47
65 194
68 192
253 89
412 199
135 454
327 222
373 427
449 422
325 373
353 252
279 105
39 387
314 296
7 241
388 142
59 313
115 322
177 331
11 106
15 204
439 405
445 113
495 377
468 241
15 345
494 295
419 283
112 110
69 367
171 325
485 447
262 106
377 158
393 167
28 412
227 239
300 100
278 171
386 159
118 384
23 13
311 165
39 47
235 146
134 288
233 40
191 302
132 354
439 488
417 422
63 111
79 268
43 196
177 91
304 454
101 448
439 372
475 101
248 187
124 323
351 295
397 450
412 70
17 235
51 308
474 481
333 160
12 143
233 432
280 180
279 123
96 158
60 487
25 88
413 289
33 177
485 181
472 332
22 192
381 192
48 420
490 277
467 36
468 99
472 162
166 106
293 415
173 192
231 384
324 7
388 281
1 249
404 62
167 303
256 427
399 13
487 77
306 353
468 158
31 470
162 29
436 23
407 63
359 432
254 55
55 462
362 12
447 347
279 276
195 242
220 365
162 63
29 89
315 361
190 415
42 12
144 39
233 430
239 218
292 48
148 175
252 134
61 75
149 354
73 384
54 336
380 203
165 454
496 337
476 462
124 458
486 279
466 479
144 372
202 211
21 315
190 170
195 78
325 110
463 56
193 185
172 150
99 285
104 71
385 33
393 221
73 34
26 413
151 28
38 365
196 122
146 451
305 220
307 455
31 391
363 36
348 82
103 306
105 34
298 269
119 184
484 337
252 453
44 336
161 159
199 284
375 330
168 329
12 385
56 403
148 444
252 432
21 497
436 354
452 210
230 272
408 129
442 443
410 73
230 123
283 124
327 11
57 418
312 93
39 460
337 206
385 129
400 220
293 20
297 79
464 99
347 429
376 262
495 183
152 45
7 439
330 471
335 406
421 124
423 345
290 320
236 326
296 107
297 92
0 306
249 98
371 151
58 487
418 350
85 286
113 334
23 459
140 155
82 160
188 147
383 485
155 491
349 339
128 164
473 436
94 103
4 251
21 471
86 172
59 109
192 197
271 157
331 156
490 150
248 425
498 482
339 307
470 220
478 473
155 432
164 383
459 407
492 464
216 145
194 82
446 127
93 254
43 86
59 352
40 96
300 85
299 27
11 319
241 326
160 216
430 25
460 91
124 481
141 458
231 448
243 426
375 245
440 248
133 253
291 66
443 380
15 383
72 98
45 78
217 210
8 36
468 45
301 240
206 288
255 296
35 15
71 84
28 119
476 262
112 326
149 212
68 193
92 495
266 50
56 316
137 269
307 154
86 264
229 97
65 260
69 270
437 469
22 376
153 128
402 415
123 11
431 95
302 329
236 287
394 367
135 77
200 49
33 459
386 194
214 144
178 393
253 186
284 412
5 325
316 409
200 8
223 297
282 106
371 392
410 96
70 454
240 231
326 8
193 245
375 43
472 157
52 406
351 63
157 170
305 189
128 24
13 49
77 198
355 156
293 424
415 467
8 228
232 230
281 158
51 141
58 390
159 157
261 33
298 473
35 465
427 312
173 493
492 4
173 171
427 384
434 68
328 411
291 208
481 319
42 364
179 119
466 118
326 426
478 189
48 160
453 431
53 428
290 269
285 345
224 245
376 173
261 133
252 99
97 253
56 375
163 407
342 111
334 272
371 122
307 343
455 11
165 3
298 152
267 120
45 139
253 233
147 78
401 33
236 271
177 209
93 172
399 324
63 302
195 251
459 122
212 367
307 9
4 474
41 187
225 163
377 24
490 378
405 107
279 261
82 366
227 295
32 338
136 12
341 257
187 21
83 286
241 362
77 333
453 118
322 102
107 287
353 150
169 20
371 288
252 446
375 96
391 341
281 421
374 304
3 22
5 127
80 55
156 335
116 147
420 151
466 131
237 451
369 55
239 419
25 235
406 246
272 116
237 55
297 130
163 47
126 81
363 393
338 211
318 343
284 179
383 475
269 88
484 478
162 175
340 324
131 229
249 208
243 328
92 121
336 60
223 440
342 45
389 253
369 37
14 459
64 66
161 36
7 14
130 339
297 73
167 333
286 337
414 115
299 1
239 336
343 225
196 18
152 361
414 154
364 0
15 184
279 226
